[Main]
Status=5
Dll=C:\ua\study001.dll
ArgcCount=5
IparmCount=12
FparmCount=12
ErrorStatus=0
[Argc]
i0=1718
i1=1
i2=1
i3=1
i4=11
[Iparm]
i0=1
i1=0
i2=0
i3=0
i4=0
i5=0
i6=0
i7=0
i8=0
i9=0
i10=0
i11=0
[Fparm]
i0=0.000000
i1=0.000000
i2=0.000000
i3=0.000000
i4=0.000000
i5=0.000000
i6=0.000000
i7=0.000000
i8=0.000000
i9=0.000000
i10=0.000000
i11=0.000000
